
Medium
+----+------+------+-------+------+-------+------+-----+-----+
| 6  | 3    | 27   | 2457  | 1    | 247   | 9    | 57  | 8   |
| 8  | 24   | 9    | 24567 | 467  | 3     | 267  | 1   | 256 |
| 1  | 5    | 27   | 2678  | 6789 | 26789 | 3    | 4   | 26  |
| 47 | 468  | 1357 | 9     | 2    | 14678 | 467  | 578 | 156 |
| 9  | 2468 | 1257 | 4678  | 4678 | 14678 | 2467 | 578 | 3   |
| 47 | 2468 | 127  | 4678  | 3    | 5     | 2467 | 789 | 126 |
| 5  | 9    | 6    | 348   | 48   | 48    | 1    | 2   | 7   |
| 2  | 7    | 8    | 1     | 69   | 69    | 5    | 3   | 4   |
| 3  | 1    | 4    | 27    | 5    | 27    | 8    | 6   | 9   |
+----+------+------+-------+------+-------+------+-----+-----+

Hard
+-----+-------+------+---+-----+----+-------+------+------+
| 257 | 12457 | 1245 | 3 | 29  | 56 | 2467  | 8    | 479  |
| 6   | 8     | 234  | 1 | 29  | 7  | 234   | 239  | 5    |
| 9   | 2357  | 235  | 4 | 28  | 56 | 1     | 2367 | 37   |
| 4   | 2357  | 2358 | 9 | 6   | 1  | 23578 | 2357 | 378  |
| 357 | 1357  | 6    | 8 | 4   | 2  | 9     | 357  | 37   |
| 28  | 29    | 289  | 7 | 5   | 3  | 2468  | 26   | 1    |
| 358 | 345   | 7    | 6 | 13  | 9  | 358   | 135  | 2    |
| 1   | 359   | 359  | 2 | 37  | 8  | 357   | 4    | 6    |
| 238 | 6     | 2389 | 5 | 137 | 4  | 378   | 1379 | 3789 |
+-----+-------+------+---+-----+----+-------+------+------+

Evil
+-------+------+--------+-------+-----+-------+-------+------+--------+
| 25    | 58   | 258    | 1245  | 6   | 127   | 12378 | 9    | 123458 |
| 2569  | 1    | 2569   | 3     | 8   | 279   | 267   | 2457 | 245    |
| 4     | 3    | 7      | 1259  | 59  | 129   | 1268  | 258  | 1258   |
| 8     | 579  | 3569   | 1269  | 39  | 12369 | 4     | 25   | 12359  |
| 39    | 2    | 349    | 7     | 349 | 5     | 1389  | 6    | 1389   |
| 3569  | 459  | 1      | 24689 | 349 | 23689 | 2389  | 258  | 7      |
| 1279  | 4789 | 2489   | 89    | 79  | 789   | 5     | 3    | 6      |
| 3579  | 5789 | 3589   | 5689  | 2   | 4     | 789   | 1    | 89     |
| 23579 | 6    | 234589 | 589   | 1   | 3789  | 2789  | 2478 | 2489   |
+-------+------+--------+-------+-----+-------+-------+------+--------+
